sensor_type: "color_sensor"
distortion_model: "distortion.inverse_brown_conrady"
distortion_coeffs: [-0.05478949844837189, 0.06504812836647034, 5.3219559049466625e-05, 0.0002976984833367169, -0.020776811987161636]
width: 1280
height: 720
fx: 642.2724609375
fy: 641.5825805664062
cx: 644.6381225585938
cy: 366.17706298828125
